[gd_scene format=4 uid="uid://3mjnl6yovd6o"]

[ext_resource type="Script" uid="uid://bpo8osk6cddir" path="res://quadroped_2.gd" id="1_n3y5h"]
[ext_resource type="Script" uid="uid://bh4equghopcqe" path="res://ray_cast_3d.gd" id="2_u4k2u"]

[sub_resource type="BoxShape3D" id="BoxShape3D_hxwn8"]
size = Vector3(0.9995117, 0.5900879, 1.9991455)

[sub_resource type="StandardMaterial3D" id="StandardMaterial3D_8l4ix"]

[sub_resource type="ArrayMesh" id="ArrayMesh_5kc00"]
_surfaces = [{
"aabb": AABB(-0.046424687, -1, -0.07081288, 0.092849374, 2, 0.14162576),
"format": 34896613377,
"index_count": 36,
"index_data": PackedByteArray("AAABAAIAAAADAAEABAACAAEAAwAEAAEABQAAAAIAAwAAAAUABAAGAAIABQACAAYAAwAHAAQAAwAFAAcABwAGAAQABwAFAAYA"),
"primitive": 3,
"uv_scale": Vector4(0, 0, 0, 0),
"vertex_count": 8,
"vertex_data": PackedByteArray("AAAAAP//AAAAAP//AAAAAAAA/////wAAAAAAAAAAAAD/////AAAAAP//AAD//wAA////////AAD//wAAAAAAAA==")
}]
blend_shape_mode = 0

[sub_resource type="ArrayMesh" id="ArrayMesh_0rk62"]
resource_name = "quadraped_Cube_014"
_surfaces = [{
"aabb": AABB(-0.046424687, -1, -0.07081288, 0.092849374, 2, 0.14162576),
"attribute_data": PackedByteArray("/1////+f/7//n////1//v/9f/7//n/9//5//v/9f/3//X/9//5//P/+f/3//X/8//1//P/+fAAD/n/8//18AAP8f/3//X/8//1//f/8f/z//n/9//9//P//f/3//n/8/"),
"format": 34896613399,
"index_count": 36,
"index_data": PackedByteArray("AAABAAIAAAADAAEABAAFAAYABAAHAAUACAAJAAoACAALAAkADAANAA4ADAAPAA0AEAARABIAEAATABEAFAAVABYAFAAXABUA"),
"material": SubResource("StandardMaterial3D_8l4ix"),
"primitive": 3,
"uv_scale": Vector4(0, 0, 0, 0),
"vertex_count": 24,
"vertex_data": PackedByteArray("AAAAAP//VNUAAP//AABU1QAA/////1TVAAAAAAAAVNUAAAAAAAD///////8AAP//AAD//wAA/////wAAAAD/////AAAAAFTV////////VNX/////AABU1f//AAD//1TV//8AAP///78AAP//////v/////////+/AAAAAP///78AAAAAAAD/v///AAD///+///8AAAAA/78AAAAA////v/////8AAP//AAD///////8AAP//AAD/////////////VNVU1VTVVNVU1VTVVNVU1f+//7//v/+//7//v/+//7+qKqoqqiqqKqoqqiqqKqoq/////////////////////wAA/38AAP9/AAD/fwAA/3//f/+//3//v/9//7//f/+/")
}]
blend_shape_mode = 0
shadow_mesh = SubResource("ArrayMesh_5kc00")

[sub_resource type="StandardMaterial3D" id="StandardMaterial3D_1iv2w"]

[sub_resource type="ArrayMesh" id="ArrayMesh_7qcn5"]
_surfaces = [{
"aabb": AABB(-0.046424687, -1, -0.07081288, 0.092849374, 2, 0.14162576),
"format": 34896613377,
"index_count": 36,
"index_data": PackedByteArray("AAABAAIAAAADAAEABAACAAEAAwAEAAEABQAAAAIAAwAAAAUABAAGAAIABQACAAYAAwAHAAQAAwAFAAcABwAGAAQABwAFAAYA"),
"primitive": 3,
"uv_scale": Vector4(0, 0, 0, 0),
"vertex_count": 8,
"vertex_data": PackedByteArray("AAAAAP//AAAAAP//AAAAAAAA/////wAAAAAAAAAAAAD/////AAAAAP//AAD//wAA////////AAD//wAAAAAAAA==")
}]
blend_shape_mode = 0

[sub_resource type="ArrayMesh" id="ArrayMesh_6b1u8"]
resource_name = "quadraped_Cube_013"
_surfaces = [{
"aabb": AABB(-0.046424687, -1, -0.07081288, 0.092849374, 2, 0.14162576),
"attribute_data": PackedByteArray("/1////+f/7//n////1//v/9f/7//n/9//5//v/9f/3//X/9//5//P/+f/3//X/8//1//P/+fAAD/n/8//18AAP8f/3//X/8//1//f/8f/z//n/9//9//P//f/3//n/8/"),
"format": 34896613399,
"index_count": 36,
"index_data": PackedByteArray("AAABAAIAAAADAAEABAAFAAYABAAHAAUACAAJAAoACAALAAkADAANAA4ADAAPAA0AEAARABIAEAATABEAFAAVABYAFAAXABUA"),
"material": SubResource("StandardMaterial3D_1iv2w"),
"primitive": 3,
"uv_scale": Vector4(0, 0, 0, 0),
"vertex_count": 24,
"vertex_data": PackedByteArray("AAAAAP//VNUAAP//AABU1QAA/////1TVAAAAAAAAVNUAAAAAAAD///////8AAP//AAD//wAA/////wAAAAD/////AAAAAFTV////////VNX/////AABU1f//AAD//1TV//8AAP///78AAP//////v/////////+/AAAAAP///78AAAAAAAD/v///AAD///+///8AAAAA/78AAAAA////v/////8AAP//AAD///////8AAP//AAD/////////////VNVU1VTVVNVU1VTVVNVU1f+//7//v/+//7//v/+//7+qKqoqqiqqKqoqqiqqKqoq/////////////////////wAA/38AAP9/AAD/fwAA/3//f/+//3//v/9//7//f/+/")
}]
blend_shape_mode = 0
shadow_mesh = SubResource("ArrayMesh_7qcn5")

[sub_resource type="StandardMaterial3D" id="StandardMaterial3D_07bx8"]

[sub_resource type="ArrayMesh" id="ArrayMesh_u0j0t"]
_surfaces = [{
"aabb": AABB(-0.046424687, -1, -0.07081288, 0.092849374, 2, 0.14162576),
"format": 34896613377,
"index_count": 36,
"index_data": PackedByteArray("AAABAAIAAAADAAEABAACAAEAAwAEAAEABQAAAAIAAwAAAAUABAAGAAIABQACAAYAAwAHAAQAAwAFAAcABwAGAAQABwAFAAYA"),
"primitive": 3,
"uv_scale": Vector4(0, 0, 0, 0),
"vertex_count": 8,
"vertex_data": PackedByteArray("AAAAAP//AAAAAP//AAAAAAAA/////wAAAAAAAAAAAAD/////AAAAAP//AAD//wAA////////AAD//wAAAAAAAA==")
}]
blend_shape_mode = 0

[sub_resource type="ArrayMesh" id="ArrayMesh_13hyq"]
resource_name = "quadraped_Cube_006"
_surfaces = [{
"aabb": AABB(-0.046424687, -1, -0.07081288, 0.092849374, 2, 0.14162576),
"attribute_data": PackedByteArray("/1////+f/7//n////1//v/9f/7//n/9//5//v/9f/3//X/9//5//P/+f/3//X/8//1//P/+fAAD/n/8//18AAP8f/3//X/8//1//f/8f/z//n/9//9//P//f/3//n/8/"),
"format": 34896613399,
"index_count": 36,
"index_data": PackedByteArray("AAABAAIAAAADAAEABAAFAAYABAAHAAUACAAJAAoACAALAAkADAANAA4ADAAPAA0AEAARABIAEAATABEAFAAVABYAFAAXABUA"),
"material": SubResource("StandardMaterial3D_07bx8"),
"primitive": 3,
"uv_scale": Vector4(0, 0, 0, 0),
"vertex_count": 24,
"vertex_data": PackedByteArray("AAAAAP//VNUAAP//AABU1QAA/////1TVAAAAAAAAVNUAAAAAAAD///////8AAP//AAD//wAA/////wAAAAD/////AAAAAFTV////////VNX/////AABU1f//AAD//1TV//8AAP///78AAP//////v/////////+/AAAAAP///78AAAAAAAD/v///AAD///+///8AAAAA/78AAAAA////v/////8AAP//AAD///////8AAP//AAD/////////////VNVU1VTVVNVU1VTVVNVU1f+//7//v/+//7//v/+//7+qKqoqqiqqKqoqqiqqKqoq/////////////////////wAA/38AAP9/AAD/fwAA/3//f/+//3//v/9//7//f/+/")
}]
blend_shape_mode = 0
shadow_mesh = SubResource("ArrayMesh_u0j0t")

[sub_resource type="StandardMaterial3D" id="StandardMaterial3D_5usd1"]

[sub_resource type="ArrayMesh" id="ArrayMesh_4mj7y"]
_surfaces = [{
"aabb": AABB(-0.046424687, -1, -0.07081288, 0.092849374, 2, 0.14162576),
"format": 34896613377,
"index_count": 36,
"index_data": PackedByteArray("AAABAAIAAAADAAEABAACAAEAAwAEAAEABQAAAAIAAwAAAAUABAAGAAIABQACAAYAAwAHAAQAAwAFAAcABwAGAAQABwAFAAYA"),
"primitive": 3,
"uv_scale": Vector4(0, 0, 0, 0),
"vertex_count": 8,
"vertex_data": PackedByteArray("AAAAAP//AAAAAP//AAAAAAAA/////wAAAAAAAAAAAAD/////AAAAAP//AAD//wAA////////AAD//wAAAAAAAA==")
}]
blend_shape_mode = 0

[sub_resource type="ArrayMesh" id="ArrayMesh_kfguh"]
resource_name = "quadraped_Cube_005"
_surfaces = [{
"aabb": AABB(-0.046424687, -1, -0.07081288, 0.092849374, 2, 0.14162576),
"attribute_data": PackedByteArray("/1////+f/7//n////1//v/9f/7//n/9//5//v/9f/3//X/9//5//P/+f/3//X/8//1//P/+fAAD/n/8//18AAP8f/3//X/8//1//f/8f/z//n/9//9//P//f/3//n/8/"),
"format": 34896613399,
"index_count": 36,
"index_data": PackedByteArray("AAABAAIAAAADAAEABAAFAAYABAAHAAUACAAJAAoACAALAAkADAANAA4ADAAPAA0AEAARABIAEAATABEAFAAVABYAFAAXABUA"),
"material": SubResource("StandardMaterial3D_5usd1"),
"primitive": 3,
"uv_scale": Vector4(0, 0, 0, 0),
"vertex_count": 24,
"vertex_data": PackedByteArray("AAAAAP//VNUAAP//AABU1QAA/////1TVAAAAAAAAVNUAAAAAAAD///////8AAP//AAD//wAA/////wAAAAD/////AAAAAFTV////////VNX/////AABU1f//AAD//1TV//8AAP///78AAP//////v/////////+/AAAAAP///78AAAAAAAD/v///AAD///+///8AAAAA/78AAAAA////v/////8AAP//AAD///////8AAP//AAD/////////////VNVU1VTVVNVU1VTVVNVU1f+//7//v/+//7//v/+//7+qKqoqqiqqKqoqqiqqKqoq/////////////////////wAA/38AAP9/AAD/fwAA/3//f/+//3//v/9//7//f/+/")
}]
blend_shape_mode = 0
shadow_mesh = SubResource("ArrayMesh_4mj7y")

[sub_resource type="StandardMaterial3D" id="StandardMaterial3D_abv5t"]

[sub_resource type="ArrayMesh" id="ArrayMesh_bq65e"]
_surfaces = [{
"aabb": AABB(-0.046424687, -1, -0.07081288, 0.092849374, 2, 0.14162576),
"format": 34896613377,
"index_count": 36,
"index_data": PackedByteArray("AAABAAIAAAADAAEABAACAAEAAwAEAAEABQAAAAIAAwAAAAUABAAGAAIABQACAAYAAwAHAAQAAwAFAAcABwAGAAQABwAFAAYA"),
"primitive": 3,
"uv_scale": Vector4(0, 0, 0, 0),
"vertex_count": 8,
"vertex_data": PackedByteArray("AAAAAP//AAAAAP//AAAAAAAA/////wAAAAAAAAAAAAD/////AAAAAP//AAD//wAA////////AAD//wAAAAAAAA==")
}]
blend_shape_mode = 0

[sub_resource type="ArrayMesh" id="ArrayMesh_1a7es"]
resource_name = "quadraped_Cube_010"
_surfaces = [{
"aabb": AABB(-0.046424687, -1, -0.07081288, 0.092849374, 2, 0.14162576),
"attribute_data": PackedByteArray("/1////+f/7//n////1//v/9f/7//n/9//5//v/9f/3//X/9//5//P/+f/3//X/8//1//P/+fAAD/n/8//18AAP8f/3//X/8//1//f/8f/z//n/9//9//P//f/3//n/8/"),
"format": 34896613399,
"index_count": 36,
"index_data": PackedByteArray("AAABAAIAAAADAAEABAAFAAYABAAHAAUACAAJAAoACAALAAkADAANAA4ADAAPAA0AEAARABIAEAATABEAFAAVABYAFAAXABUA"),
"material": SubResource("StandardMaterial3D_abv5t"),
"primitive": 3,
"uv_scale": Vector4(0, 0, 0, 0),
"vertex_count": 24,
"vertex_data": PackedByteArray("AAAAAP//VNUAAP//AABU1QAA/////1TVAAAAAAAAVNUAAAAAAAD///////8AAP//AAD//wAA/////wAAAAD/////AAAAAFTV////////VNX/////AABU1f//AAD//1TV//8AAP///78AAP//////v/////////+/AAAAAP///78AAAAAAAD/v///AAD///+///8AAAAA/78AAAAA////v/////8AAP//AAD///////8AAP//AAD/////////////VNVU1VTVVNVU1VTVVNVU1f+//7//v/+//7//v/+//7+qKqoqqiqqKqoqqiqqKqoq/////////////////////wAA/38AAP9/AAD/fwAA/3//f/+//3//v/9//7//f/+/")
}]
blend_shape_mode = 0
shadow_mesh = SubResource("ArrayMesh_bq65e")

[sub_resource type="StandardMaterial3D" id="StandardMaterial3D_tdvhw"]

[sub_resource type="ArrayMesh" id="ArrayMesh_4x8bt"]
_surfaces = [{
"aabb": AABB(-0.046424687, -1, -0.07081288, 0.092849374, 2, 0.14162576),
"format": 34896613377,
"index_count": 36,
"index_data": PackedByteArray("AAABAAIAAAADAAEABAACAAEAAwAEAAEABQAAAAIAAwAAAAUABAAGAAIABQACAAYAAwAHAAQAAwAFAAcABwAGAAQABwAFAAYA"),
"primitive": 3,
"uv_scale": Vector4(0, 0, 0, 0),
"vertex_count": 8,
"vertex_data": PackedByteArray("AAAAAP//AAAAAP//AAAAAAAA/////wAAAAAAAAAAAAD/////AAAAAP//AAD//wAA////////AAD//wAAAAAAAA==")
}]
blend_shape_mode = 0

[sub_resource type="ArrayMesh" id="ArrayMesh_8ufbc"]
resource_name = "quadraped_Cube_009"
_surfaces = [{
"aabb": AABB(-0.046424687, -1, -0.07081288, 0.092849374, 2, 0.14162576),
"attribute_data": PackedByteArray("/1////+f/7//n////1//v/9f/7//n/9//5//v/9f/3//X/9//5//P/+f/3//X/8//1//P/+fAAD/n/8//18AAP8f/3//X/8//1//f/8f/z//n/9//9//P//f/3//n/8/"),
"format": 34896613399,
"index_count": 36,
"index_data": PackedByteArray("AAABAAIAAAADAAEABAAFAAYABAAHAAUACAAJAAoACAALAAkADAANAA4ADAAPAA0AEAARABIAEAATABEAFAAVABYAFAAXABUA"),
"material": SubResource("StandardMaterial3D_tdvhw"),
"primitive": 3,
"uv_scale": Vector4(0, 0, 0, 0),
"vertex_count": 24,
"vertex_data": PackedByteArray("AAAAAP//VNUAAP//AABU1QAA/////1TVAAAAAAAAVNUAAAAAAAD///////8AAP//AAD//wAA/////wAAAAD/////AAAAAFTV////////VNX/////AABU1f//AAD//1TV//8AAP///78AAP//////v/////////+/AAAAAP///78AAAAAAAD/v///AAD///+///8AAAAA/78AAAAA////v/////8AAP//AAD///////8AAP//AAD/////////////VNVU1VTVVNVU1VTVVNVU1f+//7//v/+//7//v/+//7+qKqoqqiqqKqoqqiqqKqoq/////////////////////wAA/38AAP9/AAD/fwAA/3//f/+//3//v/9//7//f/+/")
}]
blend_shape_mode = 0
shadow_mesh = SubResource("ArrayMesh_4x8bt")

[sub_resource type="StandardMaterial3D" id="StandardMaterial3D_u2pwq"]

[sub_resource type="ArrayMesh" id="ArrayMesh_2tam0"]
_surfaces = [{
"aabb": AABB(-0.046424687, -1, -0.07081288, 0.092849374, 2, 0.14162576),
"format": 34896613377,
"index_count": 36,
"index_data": PackedByteArray("AAABAAIAAAADAAEABAACAAEAAwAEAAEABQAAAAIAAwAAAAUABAAGAAIABQACAAYAAwAHAAQAAwAFAAcABwAGAAQABwAFAAYA"),
"primitive": 3,
"uv_scale": Vector4(0, 0, 0, 0),
"vertex_count": 8,
"vertex_data": PackedByteArray("AAAAAP//AAAAAP//AAAAAAAA/////wAAAAAAAAAAAAD/////AAAAAP//AAD//wAA////////AAD//wAAAAAAAA==")
}]
blend_shape_mode = 0

[sub_resource type="ArrayMesh" id="ArrayMesh_xr7ob"]
resource_name = "quadraped_Cube_012"
_surfaces = [{
"aabb": AABB(-0.046424687, -1, -0.07081288, 0.092849374, 2, 0.14162576),
"attribute_data": PackedByteArray("/1////+f/7//n////1//v/9f/7//n/9//5//v/9f/3//X/9//5//P/+f/3//X/8//1//P/+fAAD/n/8//18AAP8f/3//X/8//1//f/8f/z//n/9//9//P//f/3//n/8/"),
"format": 34896613399,
"index_count": 36,
"index_data": PackedByteArray("AAABAAIAAAADAAEABAAFAAYABAAHAAUACAAJAAoACAALAAkADAANAA4ADAAPAA0AEAARABIAEAATABEAFAAVABYAFAAXABUA"),
"material": SubResource("StandardMaterial3D_u2pwq"),
"primitive": 3,
"uv_scale": Vector4(0, 0, 0, 0),
"vertex_count": 24,
"vertex_data": PackedByteArray("AAAAAP//VNUAAP//AABU1QAA/////1TVAAAAAAAAVNUAAAAAAAD///////8AAP//AAD//wAA/////wAAAAD/////AAAAAFTV////////VNX/////AABU1f//AAD//1TV//8AAP///78AAP//////v/////////+/AAAAAP///78AAAAAAAD/v///AAD///+///8AAAAA/78AAAAA////v/////8AAP//AAD///////8AAP//AAD/////////////VNVU1VTVVNVU1VTVVNVU1f+//7//v/+//7//v/+//7+qKqoqqiqqKqoqqiqqKqoq/////////////////////wAA/38AAP9/AAD/fwAA/3//f/+//3//v/9//7//f/+/")
}]
blend_shape_mode = 0
shadow_mesh = SubResource("ArrayMesh_2tam0")

[sub_resource type="StandardMaterial3D" id="StandardMaterial3D_yernu"]

[sub_resource type="ArrayMesh" id="ArrayMesh_uwpo1"]
_surfaces = [{
"aabb": AABB(-0.046424687, -1, -0.07081288, 0.092849374, 2, 0.14162576),
"format": 34896613377,
"index_count": 36,
"index_data": PackedByteArray("AAABAAIAAAADAAEABAACAAEAAwAEAAEABQAAAAIAAwAAAAUABAAGAAIABQACAAYAAwAHAAQAAwAFAAcABwAGAAQABwAFAAYA"),
"primitive": 3,
"uv_scale": Vector4(0, 0, 0, 0),
"vertex_count": 8,
"vertex_data": PackedByteArray("AAAAAP//AAAAAP//AAAAAAAA/////wAAAAAAAAAAAAD/////AAAAAP//AAD//wAA////////AAD//wAAAAAAAA==")
}]
blend_shape_mode = 0

[sub_resource type="ArrayMesh" id="ArrayMesh_qyko6"]
resource_name = "quadraped_Cube_011"
_surfaces = [{
"aabb": AABB(-0.046424687, -1, -0.07081288, 0.092849374, 2, 0.14162576),
"attribute_data": PackedByteArray("/1////+f/7//n////1//v/9f/7//n/9//5//v/9f/3//X/9//5//P/+f/3//X/8//1//P/+fAAD/n/8//18AAP8f/3//X/8//1//f/8f/z//n/9//9//P//f/3//n/8/"),
"format": 34896613399,
"index_count": 36,
"index_data": PackedByteArray("AAABAAIAAAADAAEABAAFAAYABAAHAAUACAAJAAoACAALAAkADAANAA4ADAAPAA0AEAARABIAEAATABEAFAAVABYAFAAXABUA"),
"material": SubResource("StandardMaterial3D_yernu"),
"primitive": 3,
"uv_scale": Vector4(0, 0, 0, 0),
"vertex_count": 24,
"vertex_data": PackedByteArray("AAAAAP//VNUAAP//AABU1QAA/////1TVAAAAAAAAVNUAAAAAAAD///////8AAP//AAD//wAA/////wAAAAD/////AAAAAFTV////////VNX/////AABU1f//AAD//1TV//8AAP///78AAP//////v/////////+/AAAAAP///78AAAAAAAD/v///AAD///+///8AAAAA/78AAAAA////v/////8AAP//AAD///////8AAP//AAD/////////////VNVU1VTVVNVU1VTVVNVU1f+//7//v/+//7//v/+//7+qKqoqqiqqKqoqqiqqKqoq/////////////////////wAA/38AAP9/AAD/fwAA/3//f/+//3//v/9//7//f/+/")
}]
blend_shape_mode = 0
shadow_mesh = SubResource("ArrayMesh_uwpo1")

[sub_resource type="StandardMaterial3D" id="StandardMaterial3D_q1401"]
resource_name = "Material"
cull_mode = 2
albedo_color = Color(0.9063318, 0.9063318, 0.9063318, 1)
roughness = 0.5

[sub_resource type="ArrayMesh" id="ArrayMesh_t6ob5"]
_surfaces = [{
"aabb": AABB(-1, -1, -1, 2, 2, 2),
"format": 34896613377,
"index_count": 36,
"index_data": PackedByteArray("AAABAAIAAwACAAEAAAAEAAEAAwAFAAIABQAAAAIABgAEAAAABQAGAAAABwABAAQABwADAAEABgAHAAQABQADAAcABQAHAAYA"),
"name": "Material",
"primitive": 3,
"uv_scale": Vector4(0, 0, 0, 0),
"vertex_count": 8,
"vertex_data": PackedByteArray("/////wAAAAAAAP////8AAAAA//8AAAAAAAAAAP//AAD///////8AAAAAAAAAAAAA//8AAAAAAAD//wAA//8AAA==")
}]
blend_shape_mode = 0

[sub_resource type="ArrayMesh" id="ArrayMesh_m1jje"]
resource_name = "quadraped_Cube"
_surfaces = [{
"aabb": AABB(-1, -1, -1, 2, 2, 2),
"attribute_data": PackedByteArray("/5//f//f/z//3/9//5//P/9f/z//nwAA/5//P/9fAAD/X////5//v/+f////X/+//x//f/9f/z//X/9//x//P/9f/3//n/8//5//f/9f/z//X/+//5//f/+f/7//X/9/"),
"format": 34896613399,
"index_count": 36,
"index_data": PackedByteArray("AAABAAIAAAADAAEABAAFAAYABAAHAAUACAAJAAoACAALAAkADAANAA4ADAAPAA0AEAARABIAEAATABEAFAAVABYAFAAXABUA"),
"material": SubResource("StandardMaterial3D_q1401"),
"name": "Material",
"primitive": 3,
"uv_scale": Vector4(0, 0, 0, 0),
"vertex_count": 24,
"vertex_data": PackedByteArray("/////wAA//8AAP///////wAA//8AAP///////////////wAA////vwAA//////+//////////78AAAAA////vwAAAAD//1TVAAD//wAAVNUAAP////9U1QAAAAAAAFTVAAAAAAAA/7///wAA////v///AAAAAP+/AAAAAP///7///wAAAABU1f///////1TV/////wAAVNX//wAA//9U1QAAAAAAAP///////wAA//8AAP//AAD/////AAAAAP///3//v/9//7//f/+//3//v/////////////////////9U1VTVVNVU1VTVVNVU1VTVAAD/fwAA/38AAP9/AAD/f6oqqiqqKqoqqiqqKqoqqir/v/+//7//v/+//7//v/+/")
}]
blend_shape_mode = 0
shadow_mesh = SubResource("ArrayMesh_t6ob5")

[node name="Node3D" type="Node3D" unique_id=1236935582]
script = ExtResource("1_n3y5h")

[node name="Body" type="CharacterBody3D" parent="." unique_id=228581231]
collision_mask = 3

[node name="CollisionShape3D" type="CollisionShape3D" parent="Body" unique_id=196674904]
transform = Transform3D(1, 0, 0, 0, 1, 0, 0, 0, 1, 0.008056641, -0.0025634766, 0.07965088)
shape = SubResource("BoxShape3D_hxwn8")

[node name="Camera_Marker" type="Marker3D" parent="Body" unique_id=1538794911]
transform = Transform3D(1, 0, 0, 0, 1, 0, 0, 0, 1, 0, 0, -0.8776267)

[node name="quadraped" type="Node3D" parent="Body" unique_id=1970266543]

[node name="Armature" type="Node3D" parent="Body/quadraped" unique_id=1982405610]
transform = Transform3D(-8.34465e-07, -5.659461e-05, -1, -0.9998528, 0.017156243, -1.1920929e-07, 0.017156243, 0.99985284, -5.6624413e-05, 0.007780224, 0, -0.2406319)

[node name="Skeleton3D" type="Skeleton3D" parent="Body/quadraped/Armature" unique_id=789824307]
bones/0/name = "Body"
bones/0/parent = -1
bones/0/rest = Transform3D(-0.9991382, -0.04150764, -8.7191493e-10, 0.04150763, -0.99913836, -3.5503856e-08, 6.0251754e-10, -3.5509455e-08, 1, 0.020753821, 0.84208685, 1.7098573e-10)
bones/0/enabled = true
bones/0/position = Vector3(0.020753821, 0.84208685, 1.7098573e-10)
bones/0/rotation = Quaternion(-6.736384e-11, -1.7757152e-08, 0.9997845, 0.02075829)
bones/0/scale = Vector3(0.99999994, 1.0000001, 1)
bones/1/name = "UpperLeg.f.l"
bones/1/parent = 0
bones/1/rest = Transform3D(-0.010733963, -0.99993104, 0.0047867927, 0.99994224, -0.010730325, 0.00078503136, -0.0007336134, 0.0047949427, 0.99998826, -0.015526558, 1.1973592, 0.581519)
bones/1/enabled = true
bones/1/position = Vector3(-0.015526558, 1.1973592, 0.581519)
bones/1/rotation = Quaternion(0.0014253912, 0.0019623225, 0.710889, 0.70330006)
bones/1/scale = Vector3(1.0000001, 1.0000001, 1)
bones/2/name = "LowerLeg.f.l"
bones/2/parent = 1
bones/2/rest = Transform3D(0.9988644, -0.026384605, -0.03967044, 0.026224526, 0.9996459, -0.004550165, 0.039776433, 0.0035046593, 0.9992026, -3.815512e-08, 1.000102, 2.7037458e-08)
bones/2/enabled = true
bones/2/position = Vector3(-3.815512e-08, 1.000102, 2.7037458e-08)
bones/2/rotation = Quaternion(0.0020142817, -0.0198674, 0.013156043, 0.999714)
bones/2/scale = Vector3(1, 1.0000001, 1.0000001)
bones/3/name = "Foot.f.l"
bones/3/parent = 2
bones/3/rest = Transform3D(0.46846586, 0.70390004, 0.5339144, -0.8793391, 0.4299463, 0.20471668, -0.08545442, -0.5653946, 0.82038194, -2.7939677e-08, 0.8646281, 2.0489097e-08)
bones/3/enabled = true
bones/3/position = Vector3(-2.7939677e-08, 0.8646281, 2.0489097e-08)
bones/3/rotation = Quaternion(-0.23352604, 0.18781538, -0.4800963, 0.82443833)
bones/3/scale = Vector3(0.99999994, 1, 1)
bones/4/name = "UpperLeg.b.l"
bones/4/parent = 0
bones/4/rest = Transform3D(-0.010733963, -0.99993104, 0.004786793, 0.99994224, -0.010730325, 0.0007850011, -0.0007335831, 0.0047949427, 0.99998826, 0.025861446, -0.09963173, 0.581519)
bones/4/enabled = true
bones/4/position = Vector3(0.025861446, -0.09963173, 0.581519)
bones/4/rotation = Quaternion(0.001425402, 0.0019623118, 0.710889, 0.70330006)
bones/4/scale = Vector3(1.0000001, 1.0000001, 1)
bones/5/name = "LowerLeg.b.l"
bones/5/parent = 4
bones/5/rest = Transform3D(0.9988644, -0.026384639, -0.039670374, 0.02622456, 0.9996459, -0.0045501655, 0.039776366, 0.0035046604, 0.9992026, 5.3201802e-08, 1.0001022, 4.429603e-08)
bones/5/enabled = true
bones/5/position = Vector3(5.3201802e-08, 1.0001022, 4.429603e-08)
bones/5/rotation = Quaternion(0.0020142822, -0.019867366, 0.01315606, 0.999714)
bones/5/scale = Vector3(1, 1.0000001, 1.0000001)
bones/6/name = "Foot.b.l"
bones/6/parent = 5
bones/6/rest = Transform3D(0.46846595, 0.70390004, 0.53391415, -0.87933886, 0.42994657, 0.20471656, -0.08545452, -0.56539434, 0.8203821, -2.4214387e-08, 0.86462814, -8.195639e-08)
bones/6/enabled = true
bones/6/position = Vector3(-2.4214387e-08, 0.86462814, -8.195639e-08)
bones/6/rotation = Quaternion(-0.2335259, 0.18781532, -0.48009622, 0.8244384)
bones/6/scale = Vector3(0.9999998, 1, 1)
bones/7/name = "UpperLeg.b.r"
bones/7/parent = 0
bones/7/rest = Transform3D(-0.010733963, -0.99993104, 0.004786794, 0.99994224, -0.010730325, 0.00078500086, -0.0007335829, 0.0047949436, 0.99998826, 0.025861444, -0.09963169, -0.6117643)
bones/7/enabled = true
bones/7/position = Vector3(0.025861444, -0.09963169, -0.6117643)
bones/7/rotation = Quaternion(0.0014254025, 0.001962312, 0.710889, 0.70330006)
bones/7/scale = Vector3(1.0000001, 1.0000001, 1)
bones/8/name = "LowerLeg.b.r"
bones/8/parent = 7
bones/8/rest = Transform3D(0.9988644, -0.026384639, -0.039670136, 0.02622456, 0.9996459, -0.004550158, 0.039776128, 0.0035046595, 0.9992026, 6.4610504e-08, 1.000102, -4.773028e-09)
bones/8/enabled = true
bones/8/position = Vector3(6.4610504e-08, 1.000102, -4.773028e-09)
bones/8/rotation = Quaternion(0.0020142803, -0.019867247, 0.01315606, 0.999714)
bones/8/scale = Vector3(1, 1.0000001, 1.0000001)
bones/9/name = "Foot.b.r"
bones/9/parent = 8
bones/9/rest = Transform3D(0.46846592, 0.70390016, 0.533914, -0.8793389, 0.42994642, 0.20471664, -0.08545435, -0.5653942, 0.8203822, -5.401671e-08, 0.8646282, -4.4703484e-08)
bones/9/enabled = true
bones/9/position = Vector3(-5.401671e-08, 0.8646282, -4.4703484e-08)
bones/9/rotation = Quaternion(-0.23352589, 0.18781523, -0.4800963, 0.8244384)
bones/9/scale = Vector3(0.9999998, 1, 1)
bones/10/name = "UpperLeg.f.r"
bones/10/parent = 0
bones/10/rest = Transform3D(-0.010733963, -0.99993104, 0.004786793, 0.99994224, -0.010730325, 0.00078500155, -0.0007335836, 0.0047949427, 0.99998826, -0.0057039633, 1.1957717, -0.6117643)
bones/10/enabled = true
bones/10/position = Vector3(-0.0057039633, 1.1957717, -0.6117643)
bones/10/rotation = Quaternion(0.0014254018, 0.0019623118, 0.710889, 0.70330006)
bones/10/scale = Vector3(1.0000001, 1.0000001, 1)
bones/11/name = "LowerLeg.f.r"
bones/11/parent = 10
bones/11/rest = Transform3D(0.9988644, -0.026384667, -0.039669897, 0.026224589, 0.9996459, -0.0045501534, 0.03977589, 0.0035046602, 0.9992026, 3.4197e-08, 1.000102, 3.160676e-08)
bones/11/enabled = true
bones/11/position = Vector3(3.4197e-08, 1.000102, 3.160676e-08)
bones/11/rotation = Quaternion(0.0020142791, -0.019867128, 0.013156075, 0.999714)
bones/11/scale = Vector3(1, 1.0000001, 1.0000001)
bones/12/name = "Foot.f.r"
bones/12/parent = 11
bones/12/rest = Transform3D(0.46846616, 0.7039002, 0.5339136, -0.8793388, 0.42994663, 0.20471662, -0.08545431, -0.56539387, 0.82038236, 1.6763806e-08, 0.8646281, -1.1175871e-08)
bones/12/enabled = true
bones/12/position = Vector3(1.6763806e-08, 0.8646281, -1.1175871e-08)
bones/12/rotation = Quaternion(-0.23352578, 0.18781509, -0.48009622, 0.8244385)
bones/12/scale = Vector3(0.9999999, 0.99999994, 0.99999994)

[node name="LowerLeg_f_l" type="BoneAttachment3D" parent="Body/quadraped/Armature/Skeleton3D" unique_id=280192282]
transform = Transform3D(-0.035260674, 0.99854344, 0.04084334, -0.99554694, -0.038671352, 0.085972734, 0.08742693, -0.037630003, 0.99546003, 0.98562074, -0.36479107, 0.53681237)
bone_name = "LowerLeg.f.l"
bone_idx = 2

[node name="Cube_009" type="MeshInstance3D" parent="Body/quadraped/Armature/Skeleton3D/LowerLeg_f_l" unique_id=222220966]
transform = Transform3D(-1.9696339, -0.0058143535, 0.039168887, 0.025140842, -0.46815297, 0.008317215, 0.07700102, 0.0041247783, 0.999198, 0.010304993, 0.45979193, -0.02337515)
mesh = SubResource("ArrayMesh_0rk62")

[node name="UpperLeg_f_l" type="BoneAttachment3D" parent="Body/quadraped/Armature/Skeleton3D" unique_id=1527691525]
transform = Transform3D(-0.007812936, 0.9989514, 0.045114767, -0.9988769, -0.009905057, 0.046338726, 0.04673699, -0.044702053, 0.9979065, -0.013432553, -0.35488504, 0.58151895)
bone_name = "UpperLeg.f.l"
bone_idx = 1

[node name="Cube_008" type="MeshInstance3D" parent="Body/quadraped/Armature/Skeleton3D/UpperLeg_f_l" unique_id=122855632]
transform = Transform3D(-1.9711156, 0.0073152836, -0.0007336493, -0.026871143, -0.5367344, 0.004794943, -0.0013172772, 0.0025790075, 0.9999885, 0.002933365, 0.46010235, -0.011623386)
mesh = SubResource("ArrayMesh_6b1u8")

[node name="LowerLeg_b_l" type="BoneAttachment3D" parent="Body/quadraped/Armature/Skeleton3D" unique_id=1737357507]
transform = Transform3D(-0.074117385, 0.9971026, -0.017129013, -0.9968371, -0.073581606, 0.03003985, 0.028692411, 0.019301303, 0.9994021, 0.99781525, 0.89295477, 0.5955792)
bone_name = "LowerLeg.b.l"
bone_idx = 5

[node name="Cube_001" type="MeshInstance3D" parent="Body/quadraped/Armature/Skeleton3D/LowerLeg_b_l" unique_id=51406385]
transform = Transform3D(-1.9696339, -0.0058143684, 0.03916885, 0.025140908, -0.4681529, 0.008317216, 0.077000946, 0.004124779, 0.999198, 0.0028540604, 0.4697528, -0.013549668)
mesh = SubResource("ArrayMesh_13hyq")

[node name="UpperLeg_b_l" type="BoneAttachment3D" parent="Body/quadraped/Armature/Skeleton3D" unique_id=1578532072]
transform = Transform3D(-0.04960061, 0.99866307, -0.014564219, -0.998714, -0.049746264, -0.009813691, -0.010525083, 0.014058721, 0.9998458, -0.00094985776, 0.94270617, 0.581519)
bone_name = "UpperLeg.b.l"
bone_idx = 4

[node name="Cube" type="MeshInstance3D" parent="Body/quadraped/Armature/Skeleton3D/UpperLeg_b_l" unique_id=1995884381]
transform = Transform3D(-1.9711156, 0.0073152846, -0.0007336195, -0.026871147, -0.5367344, 0.0047949436, -0.0013172185, 0.0025790075, 0.9999885, 0.004622145, 0.46992975, -0.0069743977)
mesh = SubResource("ArrayMesh_kfguh")

[node name="LowerLeg_b_r" type="BoneAttachment3D" parent="Body/quadraped/Armature/Skeleton3D" unique_id=1677641598]
transform = Transform3D(-0.053916078, 0.99818575, -0.026806869, -0.9984217, -0.053466767, 0.017203135, 0.015738636, 0.027692083, 0.99949276, 0.99833333, 0.91295207, -0.58434033)
bone_name = "LowerLeg.b.r"
bone_idx = 8

[node name="Cube_005" type="MeshInstance3D" parent="Body/quadraped/Armature/Skeleton3D/LowerLeg_b_r" unique_id=1095373879]
transform = Transform3D(-1.9696338, -0.0058143684, 0.03916861, 0.025140902, -0.46815288, 0.008317216, 0.07700047, 0.0041247774, 0.999198, 0.0049879067, 0.4702058, 0.04088258)
mesh = SubResource("ArrayMesh_1a7es")

[node name="UpperLeg_b_r" type="BoneAttachment3D" parent="Body/quadraped/Armature/Skeleton3D" unique_id=860799663]
transform = Transform3D(-0.029115899, 0.9991812, -0.028094664, -0.9993053, -0.029750971, -0.022460049, -0.0232775, 0.027421199, 0.99935293, -0.00094985776, 0.94270617, -0.6117643)
bone_name = "UpperLeg.b.r"
bone_idx = 7

[node name="Cube_004" type="MeshInstance3D" parent="Body/quadraped/Armature/Skeleton3D/UpperLeg_b_r" unique_id=655847340]
transform = Transform3D(-1.9711156, 0.0073152846, -0.00073361956, -0.026871147, -0.5367344, 0.0047949436, -0.0013172186, 0.0025790075, 0.9999885, 0.00458232, 0.4701909, 0.047500923)
mesh = SubResource("ArrayMesh_8ufbc")

[node name="LowerLeg_f_r" type="BoneAttachment3D" parent="Body/quadraped/Armature/Skeleton3D" unique_id=1674425448]
transform = Transform3D(0.030253325, 0.99915373, -0.02787576, -0.99915844, 0.031003062, 0.026864879, 0.027706359, 0.027039547, 0.9992505, 0.97517914, -0.2980677, -0.5899414)
bone_name = "LowerLeg.f.r"
bone_idx = 11

[node name="Cube_007" type="MeshInstance3D" parent="Body/quadraped/Armature/Skeleton3D/LowerLeg_f_r" unique_id=1823982958]
transform = Transform3D(-1.9696336, -0.0058143474, 0.039168358, 0.025140807, -0.46815288, 0.008317214, 0.07699998, 0.004124775, 0.99919784, 0.021876141, 0.46999064, 0.04022239)
mesh = SubResource("ArrayMesh_xr7ob")

[node name="UpperLeg_f_r" type="BoneAttachment3D" parent="Body/quadraped/Armature/Skeleton3D" unique_id=919417356]
transform = Transform3D(0.05507418, 0.99825805, -0.021165622, -0.99841833, 0.054818016, -0.01250282, -0.011320781, 0.021820728, 0.9996978, -0.023180792, -0.35289127, -0.6117644)
bone_name = "UpperLeg.f.r"
bone_idx = 10

[node name="Cube_006" type="MeshInstance3D" parent="Body/quadraped/Armature/Skeleton3D/UpperLeg_f_r" unique_id=405278642]
transform = Transform3D(-1.9711156, 0.0073153246, -0.0007336198, -0.026871294, -0.5367344, 0.004794943, -0.0013172184, 0.0025790073, 0.9999885, 0.021483203, 0.47042128, 0.047512256)
mesh = SubResource("ArrayMesh_qyko6")

[node name="Body" type="BoneAttachment3D" parent="Body/quadraped/Armature/Skeleton3D" unique_id=2026755263]
transform = Transform3D(-0.9991382, -0.04150764, -8.719149e-10, 0.04150763, -0.99913836, -3.5503856e-08, 6.0251754e-10, -3.550945e-08, 1, 0.020753821, 0.84208685, 1.7098573e-10)
bone_name = "Body"
bone_idx = 0

[node name="body" type="MeshInstance3D" parent="Body/quadraped/Armature/Skeleton3D/Body" unique_id=840106005]
transform = Transform3D(0.02436012, 0.29991102, -1.6643252e-08, -0.9997032, 0.0073080375, -1.8446222e-08, -3.607063e-08, 1.0252601e-08, 0.5, -0.0063470923, 0.51924735, 1.236458e-09)
mesh = SubResource("ArrayMesh_m1jje")

[node name="LegFL" type="FABRIK3D" parent="Body/quadraped/Armature/Skeleton3D" unique_id=30851911]
angular_delta_limit = 0.7949625676983773
deterministic = true
setting_count = 2
settings/0/target_node = NodePath("knee")
settings/1/target_node = NodePath("target")
settings/0/root_bone_name = "UpperLeg.f.l"
settings/0/root_bone = 1
settings/0/end_bone_name = "LowerLeg.f.l"
settings/0/end_bone = 2
settings/0/extend_end_bone = false
settings/0/joint_count = 2
settings/1/root_bone_name = "UpperLeg.f.l"
settings/1/root_bone = 1
settings/1/end_bone_name = "Foot.f.l"
settings/1/end_bone = 3
settings/1/extend_end_bone = false
settings/1/joint_count = 3
settings/0/joints/0/rotation_axis = 3
settings/0/joints/0/limitation = null
settings/0/joints/1/rotation_axis = 3
settings/0/joints/1/limitation = null
settings/1/joints/0/rotation_axis = 3
settings/1/joints/0/limitation = null
settings/1/joints/1/rotation_axis = 2
settings/1/joints/1/limitation = null
settings/1/joints/2/rotation_axis = 3
settings/1/joints/2/limitation = null

[node name="target" type="Marker3D" parent="Body/quadraped/Armature/Skeleton3D/LegFL" unique_id=512614231]
transform = Transform3D(0.00096404005, -0.0023520954, -0.9999968, -0.9996766, 0.025407651, -0.0010234879, 0.025409978, 0.9996745, -0.0023268587, -0.47258195, -2.5566952, -0.62130404)
top_level = true

[node name="knee" type="Marker3D" parent="Body/quadraped/Armature/Skeleton3D/LegFL" unique_id=1337440696]
transform = Transform3D(1.0000013, -9.313226e-09, 0, 0, 1.0000013, 0, -1.9326762e-12, -5.0931703e-11, 1, 0.012383805, 0.2156592, 0.57208765)

[node name="shoulder" type="Marker3D" parent="Body/quadraped/Armature/Skeleton3D/LegFL" unique_id=839049876]
transform = Transform3D(1.0000004, 0, 0, 0, 1.0000004, 0, -5.684342e-13, -1.0913936e-11, 1, -0.0060790647, -0.35427845, 0.6918846)

[node name="LegFR" type="FABRIK3D" parent="Body/quadraped/Armature/Skeleton3D" unique_id=1890987039]
angular_delta_limit = 0.7949625676983773
deterministic = true
setting_count = 2
settings/0/target_node = NodePath("knee")
settings/1/target_node = NodePath("target")
settings/0/root_bone_name = "UpperLeg.f.r"
settings/0/root_bone = 10
settings/0/end_bone_name = "LowerLeg.f.r"
settings/0/end_bone = 11
settings/0/extend_end_bone = false
settings/0/joint_count = 2
settings/1/root_bone_name = "UpperLeg.f.r"
settings/1/root_bone = 10
settings/1/end_bone_name = "Foot.f.r"
settings/1/end_bone = 12
settings/1/extend_end_bone = false
settings/1/joint_count = 3
settings/0/joints/0/rotation_axis = 3
settings/0/joints/0/limitation = null
settings/0/joints/1/rotation_axis = 3
settings/0/joints/1/limitation = null
settings/1/joints/0/rotation_axis = 3
settings/1/joints/0/limitation = null
settings/1/joints/1/rotation_axis = 2
settings/1/joints/1/limitation = null
settings/1/joints/2/rotation_axis = 3
settings/1/joints/2/limitation = null

[node name="target" type="Marker3D" parent="Body/quadraped/Armature/Skeleton3D/LegFR" unique_id=2144226765]
transform = Transform3D(0.00096404005, -0.0023520954, -0.9999968, -0.9996766, 0.025407651, -0.0010234879, 0.025409978, 0.9996745, -0.0023268587, 0.5513009, -2.5903113, -0.4432704)
top_level = true

[node name="knee" type="Marker3D" parent="Body/quadraped/Armature/Skeleton3D/LegFR" unique_id=1702523018]
transform = Transform3D(1.0000004, 0, 0, 0, 1.0000004, 0, -5.684342e-13, -1.0913936e-11, 1, 0.0038650304, 0.22524701, -0.5804561)

[node name="shoulder" type="Marker3D" parent="Body/quadraped/Armature/Skeleton3D/LegFR" unique_id=1543535354]
transform = Transform3D(1.0000004, 0, 0, 0, 1.0000004, 0, -5.684342e-13, -1.0913936e-11, 1, -0.006803992, -0.39653605, -0.6665291)

[node name="LegBL" type="FABRIK3D" parent="Body/quadraped/Armature/Skeleton3D" unique_id=942537687]
angular_delta_limit = 0.7997622231413616
deterministic = true
setting_count = 2
settings/0/target_node = NodePath("knee")
settings/1/target_node = NodePath("target")
settings/0/root_bone_name = "UpperLeg.b.l"
settings/0/root_bone = 4
settings/0/end_bone_name = "LowerLeg.b.l"
settings/0/end_bone = 5
settings/0/extend_end_bone = false
settings/0/joint_count = 2
settings/1/root_bone_name = "UpperLeg.b.l"
settings/1/root_bone = 4
settings/1/end_bone_name = "Foot.b.l"
settings/1/end_bone = 6
settings/1/extend_end_bone = false
settings/1/joint_count = 3
settings/0/joints/0/rotation_axis = 3
settings/0/joints/0/limitation = null
settings/0/joints/1/rotation_axis = 3
settings/0/joints/1/limitation = null
settings/1/joints/0/rotation_axis = 3
settings/1/joints/0/limitation = null
settings/1/joints/1/rotation_axis = 2
settings/1/joints/1/limitation = null
settings/1/joints/2/rotation_axis = 3
settings/1/joints/2/limitation = null

[node name="target" type="Marker3D" parent="Body/quadraped/Armature/Skeleton3D/LegBL" unique_id=776130848]
transform = Transform3D(-8.344649e-07, -5.6594614e-05, -1, -0.9998529, 0.017156245, -1.1920929e-07, 0.017156245, 0.99985296, -5.6624413e-05, -0.6191906, -2.6043642, 0.5778118)
top_level = true

[node name="knee" type="Marker3D" parent="Body/quadraped/Armature/Skeleton3D/LegBL" unique_id=937819781]
transform = Transform3D(1.0000002, 0, 0, 0, 1.0000002, 0, -4.5474735e-13, -7.275958e-12, 1, 0.03413124, 1.9891467, 0.59726614)

[node name="shoulder" type="Marker3D" parent="Body/quadraped/Armature/Skeleton3D/LegBL" unique_id=1422813663]
transform = Transform3D(1.0000002, 0, 0, 0, 1.0000002, 0, -4.5474735e-13, -7.275958e-12, 1, 0.01548924, 0.90270615, 0.70868814)

[node name="LegBR" type="FABRIK3D" parent="Body/quadraped/Armature/Skeleton3D" unique_id=720761630]
angular_delta_limit = 0.7949625676983773
deterministic = true
setting_count = 2
settings/0/target_node = NodePath("knee")
settings/1/target_node = NodePath("target")
settings/0/root_bone_name = "UpperLeg.b.r"
settings/0/root_bone = 7
settings/0/end_bone_name = "LowerLeg.b.r"
settings/0/end_bone = 8
settings/0/extend_end_bone = false
settings/0/joint_count = 2
settings/1/root_bone_name = "UpperLeg.b.r"
settings/1/root_bone = 7
settings/1/end_bone_name = "Foot.b.r"
settings/1/end_bone = 9
settings/1/extend_end_bone = false
settings/1/joint_count = 3
settings/0/joints/0/rotation_axis = 3
settings/0/joints/0/limitation = null
settings/0/joints/1/rotation_axis = 3
settings/0/joints/1/limitation = null
settings/1/joints/0/rotation_axis = 3
settings/1/joints/0/limitation = null
settings/1/joints/1/rotation_axis = 3
settings/1/joints/1/limitation = null
settings/1/joints/2/rotation_axis = 3
settings/1/joints/2/limitation = null

[node name="target" type="Marker3D" parent="Body/quadraped/Armature/Skeleton3D/LegBR" unique_id=1698648819]
transform = Transform3D(-8.344649e-07, -5.6594614e-05, -1, -0.9998529, 0.017156245, -1.1920929e-07, 0.017156245, 0.99985296, -5.6624413e-05, 0.5471126, -2.6043642, 0.63035434)
top_level = true

[node name="knee" type="Marker3D" parent="Body/quadraped/Armature/Skeleton3D/LegBR" unique_id=2011288867]
transform = Transform3D(1.0000004, 0, 0, 0, 1.0000004, 0, -5.684342e-13, -1.0913936e-11, 1, 0.0341302, 1.9890777, -0.6239527)

[node name="shoulder" type="Marker3D" parent="Body/quadraped/Armature/Skeleton3D/LegBR" unique_id=1275935380]
transform = Transform3D(1.0000002, 0, 0, 0, 1.0000002, 0, -4.5474735e-13, -7.275958e-12, 1, 0.016790826, 0.9785517, -0.700357)

[node name="Label3D" type="Label3D" parent="Body" unique_id=914644680]
transform = Transform3D(4.371139e-08, -1, -1.509958e-07, -1, -4.371139e-08, -8.4703275e-22, -6.6002353e-15, 1.509958e-07, -1, -0.044727027, 0, -0.963644)
double_sided = false
text = ": )"
font_size = 100

[node name="SpringArmFL" type="SpringArm3D" parent="." unique_id=1548817625]
transform = Transform3D(1, 0, 0, 0, -4.371139e-08, -1, 0, 1, -4.371139e-08, -0.57172656, 0, -0.62467945)
collision_mask = 2
spring_length = 4.0

[node name="Spring" type="Marker3D" parent="SpringArmFL" unique_id=1476539936]

[node name="SpringArmFR" type="SpringArm3D" parent="." unique_id=1865724726]
transform = Transform3D(1, 0, 0, 0, -4.371139e-08, -1, 0, 1, -4.371139e-08, 0.56831384, 0, -0.62467945)
collision_mask = 2
spring_length = 4.0

[node name="Spring" type="Marker3D" parent="SpringArmFR" unique_id=1191330725]

[node name="SpringArmBL" type="SpringArm3D" parent="." unique_id=2078792763]
transform = Transform3D(1, 0, 0, 0, -4.371139e-08, -1, 0, 1, -4.371139e-08, -0.587342, 0, 0.67152977)
collision_mask = 2
spring_length = 4.0

[node name="Spring" type="Marker3D" parent="SpringArmBL" unique_id=96339598]

[node name="SpringArmBR" type="SpringArm3D" parent="." unique_id=1574469879]
transform = Transform3D(1, 0, 0, 0, -4.371139e-08, -1, 0, 1, -4.371139e-08, 0.60906315, 0, 0.68714786)
collision_mask = 2
spring_length = 4.0

[node name="Spring" type="Marker3D" parent="SpringArmBR" unique_id=1459077358]

[node name="RayCast3D" type="RayCast3D" parent="." unique_id=1108128865]
top_level = true
debug_shape_thickness = 5
script = ExtResource("2_u4k2u")
